Linux 5.15.49-linuxkit (88b0f6842b23) 	03/12/23 	_aarch64_	(4 CPU)

17:00:03     pgpgin/s pgpgout/s   fault/s  majflt/s  pgfree/s pgscank/s pgscand/s pgsteal/s    %vmeff
17:00:04         0.00      0.00      4.00      0.00     31.00      0.00      0.00      0.00      0.00
17:00:05         0.00      0.00      0.00      0.00      0.00      0.00      0.00      0.00      0.00
17:00:06         0.00      0.00      0.00      0.00      1.00      0.00      0.00      0.00      0.00
17:00:07         0.00      0.00      0.00      0.00      0.00      0.00      0.00      0.00      0.00
17:00:08         0.00      0.00    216.00      0.00    141.00      0.00      0.00      0.00      0.00
17:00:09         0.00     28.00      0.00      0.00      0.00      0.00      0.00      0.00      0.00
17:00:10         0.00      0.00      0.00      0.00      0.00      0.00      0.00      0.00      0.00
17:00:11         0.00      0.00      0.00      0.00      0.00      0.00      0.00      0.00      0.00
17:00:12         0.00      0.00      0.00      0.00      2.97      0.00      0.00      0.00      0.00
17:00:13         0.00      0.00     32.00      0.00     27.00      0.00      0.00      0.00      0.00
17:00:14         0.00     52.00     24.00      0.00     56.00      0.00      0.00      0.00      0.00
17:00:15         0.00      3.96      0.00      0.00      0.00      0.00      0.00      0.00      0.00
17:00:16         0.00      0.00      0.00      0.00      0.00      0.00      0.00      0.00      0.00
17:00:17         0.00      0.00      0.00      0.00      7.00      0.00      0.00      0.00      0.00
17:00:18         0.00      0.00      0.00      0.00     10.00      0.00      0.00      0.00      0.00
17:00:19         0.00     11.88   1069.31      0.00     46.53      0.00      0.00      0.00      0.00
17:00:20         0.00      0.00      0.00      0.00      3.00      0.00      0.00      0.00      0.00
17:00:21         0.00      4.00      0.00      0.00      0.00      0.00      0.00      0.00      0.00
17:00:22         0.00      0.00      0.00      0.00      0.00      0.00      0.00      0.00      0.00
17:00:23         0.00      0.00   2561.00      0.00      1.00      0.00      0.00      0.00      0.00
17:00:24         0.00     16.00   2275.00      0.00      0.00      0.00      0.00      0.00      0.00
17:00:25         0.00      0.00    282.18      0.00      0.99      0.00      0.00      0.00      0.00
17:00:26         0.00      0.00   2560.00      0.00      0.00      0.00      0.00      0.00      0.00
17:00:27         0.00      3.96   2534.65      0.00      0.00      0.00      0.00      0.00      0.00
17:00:28         0.00      0.00   2560.00      0.00      0.00      0.00      0.00      0.00      0.00
17:00:29         0.00      0.00   2560.00      0.00      7.00      0.00      0.00      0.00      0.00
17:00:30         0.00     12.00   2560.00      0.00      1.00      0.00      0.00      0.00      0.00
17:00:31         0.00      0.00   2534.65      0.00      0.00      0.00      0.00      0.00      0.00
17:00:32         0.00      0.00   2570.00      0.00      1.00      0.00      0.00      0.00      0.00
17:00:33         0.00      3.96   2533.66      0.00      0.00      0.00      0.00      0.00      0.00
17:00:34         0.00      0.00      0.00      0.00      0.00      0.00      0.00      0.00      0.00
17:00:35         0.00     12.00     26.00      0.00  26572.00      0.00      0.00      0.00      0.00
17:00:36         0.00      0.00      0.00      0.00      0.00      0.00      0.00      0.00      0.00
17:00:37         0.00      0.00      0.00      0.00      8.00      0.00      0.00      0.00      0.00
17:00:38         0.00      0.00      0.00      0.00      0.00      0.00      0.00      0.00      0.00
17:00:39         0.00      4.00      0.00      0.00      2.00      0.00      0.00      0.00      0.00
17:00:40         0.00     11.88      0.00      0.00      0.99      0.00      0.00      0.00      0.00
17:00:41         0.00      0.00      0.00      0.00     53.00      0.00      0.00      0.00      0.00
